60279.15000 67331.41000 56633.33000 60811.26000 73374.49000 66704.71000 71979.14000 71427.71000 57368.19000 77109.01000 78949.19000 76739.41000 82596.23000 81279.90000 69687.82000 63209.32000 64080.00000 67221.93000 81666.20000 59439.39000 66113.14000 66522.96000 76529.94000 76081.12000 86064.01000 64703.82000 68219.31000 82739.91000 75858.13000 51775.18000 52033.56000 75431.89000 
62787.81000 77804.66000 76427.64000 73717.81000 90963.16000 74125.79000 96060.66000 73474.15000 66720.42000 92853.08000 85629.53000 84476.15000 93636.72000 92944.66000 80137.70000 68388.71000 69942.93000 78725.62000 85618.60000 71706.16000 72729.91000 79649.92000 91319.67000 83248.65000 96637.46000 92731.88000 80271.20000 94237.97000 74995.45000 62520.94000 66162.45000 76796.31000 
58343.78000 67662.49000 57325.66000 57463.63000 78322.03000 57996.06000 76328.63000 62307.81000 63345.88000 79102.40000 75503.86000 71239.83000 77945.39000 74632.72000 59101.39000 65810.90000 57598.94000 63019.49000 78396.36000 59045.96000 62391.48000 56149.88000 68880.17000 63668.78000 77482.04000 72685.51000 57398.94000 83270.61000 70094.94000 62513.78000 44945.88000 61917.56000 
65116.06000 73441.54000 70333.09000 61170.42000 81065.48000 72297.54000 77137.34000 67358.16000 69491.10000 91903.07000 81233.89000 75575.70000 92197.47000 84389.91000 66599.09000 76761.04000 60689.60000 74724.85000 84695.49000 62931.14000 71895.89000 71335.77000 80238.10000 78533.00000 87222.37000 80001.56000 68872.37000 95597.44000 68219.78000 64244.81000 60306.65000 75501.00000 
73297.50000 88327.74000 76795.11000 81119.10000 95371.84000 85730.06000 96954.82000 83247.32000 76364.23000 96245.86000 96574.01000 87873.37000 94891.35000 96843.57000 82682.73000 81194.38000 75000.16000 97531.76000 97449.45000 80982.48000 72351.29000 73125.18000 86018.92000 85472.12000 108844.62000 88394.10000 84499.96000 104503.09000 97075.35000 81261.46000 67375.86000 86510.99000 
70627.64000 74838.81000 67825.94000 71831.01000 89418.45000 77551.92000 86571.21000 77988.91000 64601.44000 83963.39000 80239.73000 84658.75000 85669.73000 86132.61000 84912.49000 80296.99000 71568.49000 79631.39000 85657.08000 76272.31000 69963.20000 69044.31000 76901.02000 73652.57000 99143.41000 81389.30000 67863.68000 91102.88000 76072.50000 65667.96000 60146.14000 81180.86000 
70041.44000 86499.73000 74131.91000 72029.21000 101789.25000 81030.09000 90794.56000 82540.69000 77246.65000 99953.01000 92739.69000 83222.60000 96031.65000 87697.33000 81595.11000 73541.57000 82554.10000 79026.88000 91666.97000 78326.76000 75635.85000 79954.76000 90874.92000 78260.77000 94458.69000 88808.81000 78810.72000 99603.86000 82741.56000 65218.77000 61322.09000 81416.62000 
71921.27000 80663.66000 75841.62000 64324.26000 90499.37000 80236.33000 85823.82000 71942.00000 74940.09000 100933.78000 82483.36000 73614.39000 94463.68000 89627.10000 75543.04000 74302.10000 67259.68000 67863.20000 88202.28000 70802.98000 68250.67000 75370.44000 83935.30000 77787.79000 92141.98000 79575.02000 71958.37000 87168.85000 67846.52000 64986.03000 67860.03000 72517.71000 
56351.95000 58714.94000 60123.12000 58303.36000 74249.32000 60828.02000 72748.47000 66695.44000 59263.83000 69658.16000 70701.44000 68666.41000 70445.51000 71657.80000 66791.47000 63239.31000 57934.34000 67744.59000 72611.83000 66377.78000 62138.54000 61396.71000 75340.94000 67284.11000 79317.87000 63218.95000 62369.23000 80600.51000 67040.83000 53163.08000 46632.66000 60869.67000 
76646.99000 85392.24000 74112.17000 70304.13000 84728.99000 77964.85000 84497.38000 80480.66000 70373.92000 89701.44000 92285.39000 84990.22000 91560.22000 93053.22000 81123.95000 86058.79000 69240.92000 89471.33000 93693.72000 71966.77000 74627.65000 62741.40000 76892.95000 83573.60000 105318.65000 75793.10000 77284.74000 101772.77000 92277.36000 78194.75000 64622.25000 77479.77000 
62658.36000 68148.18000 72909.31000 58318.81000 78314.58000 76800.91000 81081.49000 78672.75000 60122.72000 81319.76000 75152.94000 80037.05000 75225.18000 82889.84000 80785.60000 67002.50000 69269.42000 69487.31000 76002.78000 62131.45000 71692.05000 65104.74000 78705.29000 73271.79000 95635.89000 74028.22000 75133.81000 77369.73000 74472.41000 58707.17000 64771.45000 74637.56000 
57456.84000 66453.59000 58350.81000 53581.40000 70321.75000 67143.23000 63793.97000 73180.84000 57035.18000 76504.48000 74041.64000 71117.52000 78411.79000 78502.39000 73255.75000 56606.82000 61947.56000 57139.56000 74922.28000 56642.01000 69204.84000 65412.83000 73124.76000 68117.44000 77039.31000 58052.57000 54377.72000 80051.77000 68963.95000 46698.77000 51480.17000 65231.68000 
63846.71000 77675.32000 69772.45000 56828.27000 82220.42000 81822.58000 76564.28000 77162.25000 67061.82000 84147.33000 81892.47000 82785.96000 86303.54000 89619.32000 80201.68000 67357.88000 81553.47000 73755.74000 86774.25000 69810.84000 70545.85000 65611.92000 77921.54000 77030.55000 93569.37000 67519.82000 76278.60000 84652.35000 83066.64000 59214.34000 65901.76000 79716.92000 
52698.16000 63665.20000 63499.70000 46780.28000 73282.43000 69720.63000 65374.16000 53936.34000 60992.24000 82260.49000 65368.34000 76375.58000 75736.35000 72123.29000 61393.70000 62377.88000 56970.83000 65033.19000 74293.14000 50515.35000 59063.73000 54795.61000 69920.24000 70977.70000 76824.25000 66390.44000 65200.93000 81983.94000 70928.43000 51239.08000 48693.57000 62312.86000 
74185.09000 95754.78000 70933.68000 80563.83000 98987.13000 89144.17000 94885.34000 84644.47000 73003.46000 94199.69000 91870.86000 92945.88000 102925.20000 96747.39000 88093.80000 92990.20000 84234.11000 88251.63000 93939.56000 80936.82000 77396.93000 79660.11000 88258.77000 92279.99000 114335.74000 94810.69000 88615.97000 103554.20000 87520.32000 72927.86000 71841.91000 98513.39000 
72179.75000 81331.53000 81567.60000 64492.58000 92641.48000 87793.10000 92618.17000 82303.71000 73831.37000 95791.97000 80978.10000 90637.14000 90880.05000 90087.65000 82512.49000 76005.90000 75348.41000 88737.88000 87932.64000 70906.53000 81034.03000 67381.61000 85367.33000 82588.78000 96834.48000 86800.41000 77024.88000 87784.33000 85668.61000 75171.03000 64827.54000 88220.14000 
73823.15000 75522.02000 76492.03000 62361.93000 85690.93000 78020.88000 84408.28000 73596.97000 75428.33000 88846.21000 86623.91000 82228.54000 88827.59000 86439.19000 80495.42000 78211.05000 65511.45000 74346.29000 87468.68000 67206.58000 71497.02000 72759.46000 92785.30000 87380.96000 98596.32000 71441.74000 73343.02000 98240.57000 80029.86000 64325.50000 62456.40000 72887.94000 
83231.74000 75382.52000 89166.89000 64836.67000 93783.44000 88909.51000 94815.72000 84355.12000 79520.81000 104159.26000 86923.25000 83668.73000 93473.64000 95642.83000 84835.78000 78845.89000 76114.09000 91639.93000 92048.26000 73817.57000 82552.70000 70558.12000 85863.66000 83259.65000 108533.46000 77472.43000 80206.07000 93710.13000 84893.00000 77105.15000 69405.93000 80830.86000 
68339.08000 81128.68000 71747.79000 57579.29000 80523.54000 78436.54000 74386.46000 72107.03000 70097.30000 89213.31000 87344.10000 79589.47000 89136.35000 92095.52000 78346.83000 80525.19000 72189.46000 77097.05000 92549.56000 74122.49000 70005.48000 75360.49000 78265.90000 85140.60000 93830.17000 76690.00000 82427.11000 99228.51000 82485.42000 65700.22000 59082.18000 71860.20000 
63030.53000 75157.94000 70697.82000 56756.26000 83018.27000 81426.35000 68536.69000 79201.40000 64042.85000 81983.62000 79511.80000 70249.45000 84448.79000 78590.46000 80305.16000 69259.67000 70854.77000 64947.54000 73145.79000 62412.86000 68231.46000 67271.12000 80276.06000 79484.77000 88914.56000 66262.68000 70831.63000 74632.23000 75657.51000 60893.01000 59241.91000 72233.99000 
78238.54000 95843.22000 86612.56000 81577.08000 98956.10000 93905.64000 94592.14000 88430.90000 87377.76000 110233.26000 106891.91000 101633.93000 100309.18000 98976.83000 87061.08000 87537.91000 74106.61000 89360.82000 98008.42000 72941.22000 85956.09000 80635.28000 99852.85000 84633.08000 109764.52000 89773.13000 87079.34000 119203.25000 96244.33000 78283.67000 73473.28000 82921.14000 
79036.26000 90808.58000 79266.65000 79443.22000 95362.18000 83145.96000 89194.00000 88126.34000 81501.12000 100617.86000 107643.32000 86952.44000 103190.85000 101212.40000 90087.96000 81880.98000 81677.83000 81512.50000 100950.79000 78944.05000 77354.85000 84691.62000 92673.53000 81937.36000 103522.38000 87609.05000 89065.73000 103193.62000 86091.98000 74642.69000 65311.48000 85139.11000 
73383.36000 83939.71000 82957.45000 70817.91000 93650.54000 87410.24000 87127.73000 81054.16000 77049.19000 110399.16000 93077.73000 88015.35000 97560.57000 93778.88000 84337.98000 72772.91000 74517.76000 75329.42000 93436.96000 69946.07000 78126.58000 80777.44000 88513.94000 82273.73000 97011.00000 91900.61000 85076.16000 102765.98000 82493.00000 64930.27000 60861.58000 67920.50000 
68562.52000 86315.91000 66050.12000 65455.10000 81476.62000 78806.47000 81488.26000 76101.10000 70316.19000 89216.03000 89237.18000 88969.62000 88575.92000 92921.60000 75098.08000 72959.91000 69697.43000 80798.59000 94180.47000 71375.65000 76755.92000 76276.47000 87339.36000 84928.11000 93707.11000 81179.46000 74376.55000 105354.14000 88883.07000 64457.89000 54948.05000 77045.51000 
82753.19000 94218.83000 90169.85000 79042.17000 91479.18000 93430.25000 99544.17000 91999.73000 71788.04000 104550.01000 96751.67000 92735.59000 102115.06000 108282.08000 96557.59000 81759.51000 76906.02000 91379.99000 99339.00000 78253.01000 77091.37000 90840.13000 97249.17000 93425.08000 114946.03000 91828.36000 95904.05000 106244.18000 90958.83000 71354.69000 76967.61000 89443.63000 
71491.59000 83541.55000 66863.14000 79576.87000 84755.98000 70904.60000 92984.52000 92688.50000 68752.67000 88236.53000 90466.65000 83079.82000 89992.56000 98506.90000 92429.29000 72849.06000 72750.26000 75413.02000 92683.45000 79591.59000 74658.28000 76590.26000 79860.04000 79491.22000 104791.78000 81486.71000 79772.75000 88457.04000 84116.91000 67243.11000 57841.63000 73346.59000 
71075.02000 78577.43000 70758.64000 64051.23000 84811.29000 67548.59000 81921.45000 66780.37000 69378.48000 83744.82000 89279.85000 75900.72000 88905.86000 85828.95000 77167.75000 80308.02000 62262.94000 69874.26000 86231.27000 67507.52000 67873.56000 71015.14000 81709.87000 80201.74000 93418.74000 77825.21000 72345.48000 90697.05000 75589.73000 72148.50000 60629.97000 76009.33000 
62376.16000 69997.78000 68058.46000 55931.32000 79030.10000 73304.37000 86735.12000 76836.21000 65642.05000 85628.99000 83892.27000 73462.17000 74240.54000 87179.56000 75131.56000 73166.19000 66134.26000 69998.14000 84226.65000 64150.39000 71051.16000 68224.37000 79495.28000 77514.42000 98122.79000 72550.62000 69150.63000 77994.66000 78601.26000 65653.82000 63062.83000 71728.46000 
75331.47000 81805.48000 83886.63000 61200.67000 87098.81000 82973.94000 86995.06000 74356.17000 69145.87000 100034.79000 90318.74000 83364.36000 97784.53000 103774.94000 80455.46000 72164.53000 67662.04000 81381.43000 93955.74000 70313.81000 73072.11000 85985.57000 93802.47000 81780.99000 98624.64000 73877.18000 78054.18000 102046.52000 78591.70000 64604.66000 75798.93000 75808.23000 
75304.35000 102847.96000 80617.98000 77745.63000 101738.65000 100221.01000 92311.85000 95182.53000 86630.27000 110159.77000 101834.70000 98239.74000 101297.19000 104523.74000 86027.13000 88889.83000 87861.68000 86480.53000 102890.96000 85843.06000 88243.68000 83412.72000 96113.88000 95381.43000 112631.30000 101754.66000 96327.86000 115989.96000 99764.70000 78494.67000 72080.70000 88471.63000 
83979.99000 106430.15000 84628.17000 94965.81000 113352.37000 98015.64000 107283.13000 102369.26000 92457.47000 107913.54000 110608.10000 101782.48000 112319.51000 109301.47000 98340.66000 96723.22000 94227.01000 91416.96000 106349.97000 92255.61000 94408.28000 84236.88000 109413.13000 105830.79000 128080.67000 105350.35000 94904.07000 113880.87000 103250.31000 87114.67000 75212.80000 102989.60000 
72241.40000 72957.49000 67791.36000 64578.59000 80077.79000 74286.58000 77810.59000 80925.79000 68313.30000 83650.76000 84177.99000 75876.55000 81278.81000 87485.30000 83581.45000 69123.83000 69935.07000 71612.73000 88126.48000 67627.51000 64735.11000 61617.13000 73577.42000 71157.03000 93835.96000 66197.72000 77420.37000 85036.49000 81848.86000 64118.74000 51434.63000 65207.54000 
